0 0.22109375 0.625 0.11015625 0.115625
0 0.28671875 0.5203125 0.0328125 0.02421875
0 0.2390625 0.74921875 0.0171875 0.01640625
0 0.3984375 0.5203125 0.04765625 0.04375
0 0.46796875 0.53828125 0.05625 0.05703125
0 0.38828125 0.4484375 0.01640625 0.01640625
0 0.4375 0.45234375 0.02109375 0.021875
0 0.42890625 0.87890625 0.06171875 0.0875
0 0.478125 0.7453125 0.04375 0.04296875
0 0.5484375 0.80234375 0.03984375 0.046875
0 0.63359375 0.6375 0.07265625 0.06796875
0 0.6796875 0.83515625 0.03125 0.04609375
0 0.73828125 0.64453125 0.05546875 0.06796875
0 0.7890625 0.475 0.0765625 0.14296875
0 0.83515625 0.5828125 0.05859375 0.059375
0 0.6171875 0.4484375 0.03359375 0.04609375
0 0.6984375 0.5046875 0.021875 0.02421875
0 0.70546875 0.28984375 0.10703125 0.078125
0 0.48984375 0.24140625 0.0296875 0.03125
0 0.5671875 0.19765625 0.0203125 0.02421875
