0 0.7828125 0.796875 0.1796875 0.13046875
0 0.90078125 0.7296875 0.06796875 0.0796875
0 0.7796875 0.6578125 0.0609375 0.06796875
0 0.62265625 0.59453125 0.16953125 0.2
0 0.58359375 0.44296875 0.06484375 0.1015625
0 0.69140625 0.36328125 0.03203125 0.04921875
0 0.78671875 0.3 0.09296875 0.06796875
0 0.8578125 0.4265625 0.040625 0.05234375
0 0.66796875 0.26875 0.06796875 0.06640625
0 0.71953125 0.1875 0.07109375 0.05625
0 0.60703125 0.13671875 0.05390625 0.08515625
0 0.53046875 0.22734375 0.05625 0.0546875
0 0.390625 0.28828125 0.11015625 0.08515625
