0 0.75546875 0.525 0.08984375 0.1140625
0 0.675 0.43671875 0.0171875 0.01328125
0 0.56171875 0.4625 0.040625 0.04375
0 0.49921875 0.49453125 0.04375 0.05703125
0 0.51328125 0.4078125 0.015625 0.01640625
0 0.5578125 0.39453125 0.01328125 0.021875
0 0.61171875 0.81015625 0.03984375 0.08046875
0 0.534375 0.696875 0.0390625 0.034375
0 0.48046875 0.76875 0.04140625 0.04765625
0 0.3625 0.63046875 0.06484375 0.075
0 0.35859375 0.82890625 0.028125 0.03828125
0 0.25546875 0.6546875 0.04609375 0.04375
0 0.1390625 0.6296875 0.084375 0.07265625
0 0.26875 0.5140625 0.01953125 0.021875
0 0.175 0.54296875 0.08046875 0.0828125
0 0.18203125 0.4609375 0.0515625 0.059375
0 0.21328125 0.3046875 0.10703125 0.05234375
0 0.328125 0.19296875 0.01875 0.02421875
0 0.33359375 0.44296875 0.02734375 0.04921875
0 0.41484375 0.215625 0.02109375 0.025
