0 0.43359375 0.77421875 0.1109375 0.09296875
0 0.4921875 0.52421875 0.0578125 0.053125
0 0.5171875 0.590625 0.0421875 0.03984375
0 0.57578125 0.54453125 0.01875 0.015625
0 0.584375 0.59453125 0.01796875 0.01328125
0 0.76796875 0.47109375 0.02421875 0.028125
0 0.375 0.3765625 0.06171875 0.0671875
0 0.359375 0.2703125 0.04609375 0.04765625
0 0.175 0.60703125 0.07890625 0.059375
0 0.2921875 0.54296875 0.03046875 0.04375
0 0.2046875 0.4609375 0.1328125 0.09921875
0 0.1765625 0.359375 0.03828125 0.0359375
0 0.48828125 0.2953125 0.03046875 0.034375
0 0.396875 0.1625 0.06640625 0.078125
0 0.509375 0.2109375 0.14296875 0.05703125
0 0.55546875 0.37265625 0.059375 0.0390625
0 0.70234375 0.290625 0.06640625 0.16171875
0 0.80234375 0.38984375 0.01875 0.0203125
0 0.7546875 0.3390625 0.025 0.02890625
0 0.6 0.459375 0.02421875 0.02421875
