0 0.13671875 0.396875 0.01328125 0.0109375
0 0.29453125 0.44296875 0.0140625 0.01328125
0 0.35546875 0.53203125 0.02109375 0.0109375
0 0.21796875 0.67890625 0.0125 0.01640625
0 0.57578125 0.50234375 0.00859375 0.0109375
0 0.6359375 0.459375 0.0078125 0.01015625
0 0.6296875 0.6875 0.01328125 0.01171875
0 0.8453125 0.63125 0.01015625 0.009375
0 0.86796875 0.49140625 0.01328125 0.01640625
0 0.9125 0.3984375 0.0078125 0.0078125
0 0.8 0.390625 0.0078125 0.00703125
0 0.95390625 0.525 0.028125 0.0390625
