0 0.41953125 0.16796875 0.14453125 0.14609375
0 0.28046875 0.16796875 0.09140625 0.0765625
0 0.32734375 0.28359375 0.046875 0.05546875
0 0.42578125 0.42109375 0.16328125 0.1796875
0 0.39921875 0.56171875 0.08125 0.08515625
0 0.1453125 0.56796875 0.09140625 0.0828125
0 0.1515625 0.43125 0.06640625 0.0375
0 0.22890625 0.66875 0.0375 0.08671875
0 0.25703125 0.56875 0.04765625 0.0375
0 0.12578125 0.7125 0.0546875 0.0625
0 0.196875 0.81640625 0.07265625 0.0796875
0 0.321875 0.7765625 0.059375 0.06484375
0 0.47109375 0.79765625 0.08828125 0.1140625
