0 0.64765625 0.21015625 0.165625 0.11640625
0 0.7765625 0.24375 0.08203125 0.07265625
0 0.6984375 0.33671875 0.05078125 0.0578125
0 0.56640625 0.43046875 0.14921875 0.18515625
0 0.82578125 0.52109375 0.0484375 0.05234375
0 0.56171875 0.5796875 0.06484375 0.0875
0 0.78828125 0.64921875 0.07734375 0.05703125
0 0.7640625 0.77421875 0.05625 0.04765625
0 0.671875 0.8484375 0.05078125 0.06875
0 0.5765625 0.78671875 0.0421875 0.0421875
0 0.4375 0.76796875 0.08203125 0.090625
0 0.68515625 0.71328125 0.05 0.059375
0 0.68515625 0.61796875 0.03359375 0.02890625
