0 0.77890625 0.375 0.11015625 0.115625
0 0.71328125 0.4796875 0.0328125 0.02421875
0 0.7609375 0.25078125 0.0171875 0.01640625
0 0.6015625 0.4796875 0.04765625 0.04375
0 0.53203125 0.46171875 0.05625 0.05703125
0 0.61171875 0.5515625 0.01640625 0.01640625
0 0.5625 0.54765625 0.02109375 0.021875
0 0.57109375 0.12109375 0.06171875 0.0875
0 0.521875 0.2546875 0.04375 0.04296875
0 0.4515625 0.19765625 0.03984375 0.046875
0 0.36640625 0.3625 0.07265625 0.06796875
0 0.3203125 0.16484375 0.03125 0.04609375
0 0.26171875 0.35546875 0.05546875 0.06796875
0 0.2109375 0.525 0.0765625 0.14296875
0 0.16484375 0.4171875 0.05859375 0.059375
0 0.3828125 0.5515625 0.03359375 0.04609375
0 0.3015625 0.4953125 0.021875 0.02421875
0 0.29453125 0.71015625 0.10703125 0.078125
0 0.51015625 0.75859375 0.0296875 0.03125
0 0.4328125 0.80234375 0.0203125 0.02421875
