0 0.64765625 0.78984375 0.165625 0.11640625
0 0.7765625 0.75625 0.08203125 0.07265625
0 0.6984375 0.66328125 0.05078125 0.0578125
0 0.56640625 0.56953125 0.14921875 0.18515625
0 0.82578125 0.47890625 0.0484375 0.05234375
0 0.56171875 0.4203125 0.06484375 0.0875
0 0.78828125 0.35078125 0.07734375 0.05703125
0 0.7640625 0.22578125 0.05625 0.04765625
0 0.671875 0.1515625 0.05078125 0.06875
0 0.5765625 0.21328125 0.0421875 0.0421875
0 0.4375 0.23203125 0.08203125 0.090625
0 0.68515625 0.28671875 0.05 0.059375
0 0.68515625 0.38203125 0.03359375 0.02890625
