0 0.6375 0.171875 0.10546875 0.121875
0 0.325 0.16640625 0.07109375 0.075
0 0.41015625 0.2359375 0.09375 0.08359375
0 0.51328125 0.2453125 0.06953125 0.0734375
0 0.7234375 0.33203125 0.075 0.06796875
0 0.47265625 0.43125 0.409375 0.271875
0 0.16953125 0.44296875 0.07265625 0.0578125
0 0.48125 0.14765625 0.0765625 0.0546875
0 0.6421875 0.0375 0.0546875 0.06328125
0 0.725 0.09140625 0.06640625 0.08671875
0 0.53125 0.471875 0.04609375 0.04609375
0 0.4796875 0.5765625 0.05390625 0.05625
