0 0.23515625 0.75703125 0.16328125 0.10234375
0 0.11953125 0.69296875 0.0703125 0.071875
0 0.23828125 0.6234375 0.04375 0.06015625
0 0.39296875 0.57265625 0.15859375 0.19140625
0 0.4375 0.4296875 0.053125 0.08671875
0 0.2421875 0.2859375 0.08671875 0.0546875
0 0.171875 0.40078125 0.03984375 0.05078125
0 0.33203125 0.35078125 0.03359375 0.03046875
0 0.3625 0.25859375 0.053125 0.05390625
0 0.31171875 0.175 0.06796875 0.04765625
0 0.42421875 0.134375 0.05390625 0.075
0 0.49453125 0.2234375 0.0546875 0.05
0 0.6265625 0.2859375 0.0984375 0.0765625
