0 0.20859375 0.83515625 0.18515625 0.121875
0 0.08359375 0.77578125 0.0734375 0.1015625
0 0.196875 0.68984375 0.06328125 0.08984375
0 0.36171875 0.6171875 0.1796875 0.20703125
0 0.4015625 0.46015625 0.06796875 0.0984375
0 0.284375 0.38203125 0.0421875 0.04921875
0 0.1859375 0.31875 0.096875 0.07109375
0 0.1203125 0.45 0.04921875 0.07265625
0 0.3078125 0.2859375 0.07109375 0.05625
0 0.2375 0.19921875 0.08671875 0.04453125
0 0.36875 0.14296875 0.0625 0.08984375
0 0.45078125 0.2296875 0.059375 0.04921875
0 0.58671875 0.2890625 0.10859375 0.08359375
