0 0.2171875 0.796875 0.1796875 0.13046875
0 0.09921875 0.7296875 0.06796875 0.0796875
0 0.2203125 0.6578125 0.0609375 0.06796875
0 0.37734375 0.59453125 0.16953125 0.2
0 0.41640625 0.44296875 0.06484375 0.1015625
0 0.30859375 0.36328125 0.03203125 0.04921875
0 0.21328125 0.3 0.09296875 0.06796875
0 0.1421875 0.4265625 0.040625 0.05234375
0 0.33203125 0.26875 0.06796875 0.06640625
0 0.28046875 0.1875 0.07109375 0.05625
0 0.39296875 0.13671875 0.05390625 0.08515625
0 0.46953125 0.22734375 0.05625 0.0546875
0 0.609375 0.28828125 0.11015625 0.08515625
