0 0.76953125 0.35078125 0.16953125 0.1109375
0 0.86640625 0.42578125 0.075 0.0703125
0 0.74453125 0.49921875 0.06328125 0.10234375
0 0.60078125 0.49453125 0.1609375 0.15078125
0 0.553125 0.634375 0.06796875 0.103125
0 0.62890625 0.5921875 0.03359375 0.02890625
0 0.36875 0.7546875 0.10390625 0.06796875
0 0.4828125 0.8203125 0.0515625 0.05234375
0 0.53515625 0.9109375 0.05 0.0765625
0 0.71640625 0.7890625 0.0796875 0.0578125
0 0.796875 0.68828125 0.0390625 0.05546875
0 0.64140625 0.878125 0.06171875 0.046875
0 0.60390625 0.8 0.06015625 0.0515625
0 0.63671875 0.7234375 0.03984375 0.0328125
