0 0.66171875 0.72578125 0.07734375 0.096875
0 0.4078125 0.765625 0.053125 0.0703125
0 0.4671875 0.6984375 0.07734375 0.071875
0 0.5515625 0.678125 0.05 0.0640625
0 0.70703125 0.58203125 0.05 0.05
0 0.4953125 0.53359375 0.34765625 0.2359375
0 0.25234375 0.56171875 0.06484375 0.0578125
0 0.53046875 0.76328125 0.0609375 0.0578125
0 0.6828125 0.83515625 0.0375 0.05390625
0 0.74453125 0.775 0.04609375 0.0671875
0 0.53046875 0.49296875 0.04375 0.03359375
0 0.471875 0.41015625 0.04375 0.03671875
