0 0.5828125 0.32265625 0.74765625 0.46875
0 0.78828125 0.675 0.08203125 0.05
0 0.690625 0.590625 0.03125 0.05
0 0.70234375 0.6703125 0.034375 0.02265625
0 0.653125 0.721875 0.01953125 0.06015625
0 0.56875 0.75390625 0.0375 0.0484375
0 0.5921875 0.54609375 0.03828125 0.03984375
0 0.54375 0.64453125 0.03671875 0.07734375
0 0.13828125 0.67890625 0.07265625 0.17578125
0 0.1265625 0.48828125 0.05 0.05625
0 0.08046875 0.42734375 0.0359375 0.03671875
0 0.01484375 0.36328125 0.02890625 0.0703125
