0 0.37578125 0.140625 0.15234375 0.13671875
0 0.24296875 0.15234375 0.075 0.08125
0 0.309375 0.2671875 0.05 0.06015625
0 0.41484375 0.384375 0.1625 0.18671875
0 0.41171875 0.53125 0.0796875 0.084375
0 0.14609375 0.43671875 0.03984375 0.04140625
0 0.16484375 0.56875 0.08828125 0.07890625
0 0.16640625 0.7140625 0.0640625 0.06171875
0 0.25546875 0.6515625 0.05 0.071875
0 0.275 0.5578125 0.0421875 0.0453125
0 0.25 0.8078125 0.06875 0.071875
0 0.36171875 0.75078125 0.0546875 0.05
0 0.503125 0.74921875 0.09140625 0.09921875
