0 0.7828125 0.203125 0.1796875 0.13046875
0 0.90078125 0.2703125 0.06796875 0.0796875
0 0.7796875 0.3421875 0.0609375 0.06796875
0 0.62265625 0.40546875 0.16953125 0.2
0 0.58359375 0.55703125 0.06484375 0.1015625
0 0.69140625 0.63671875 0.03203125 0.04921875
0 0.78671875 0.7 0.09296875 0.06796875
0 0.8578125 0.5734375 0.040625 0.05234375
0 0.66796875 0.73125 0.06796875 0.06640625
0 0.71953125 0.8125 0.07109375 0.05625
0 0.60703125 0.86328125 0.05390625 0.08515625
0 0.53046875 0.77265625 0.05625 0.0546875
0 0.390625 0.71171875 0.11015625 0.08515625
