0 0.3625 0.171875 0.10546875 0.121875
0 0.675 0.16640625 0.07109375 0.075
0 0.58984375 0.2359375 0.09375 0.08359375
0 0.48671875 0.2453125 0.06953125 0.0734375
0 0.2765625 0.33203125 0.075 0.06796875
0 0.52734375 0.43125 0.409375 0.271875
0 0.83046875 0.44296875 0.07265625 0.0578125
0 0.51875 0.14765625 0.0765625 0.0546875
0 0.3578125 0.0375 0.0546875 0.06328125
0 0.275 0.09140625 0.06640625 0.08671875
0 0.46875 0.471875 0.04609375 0.04609375
0 0.5203125 0.5765625 0.05390625 0.05625
