0 0.259375 0.43515625 0.0125 0.0125
0 0.33203125 0.50859375 0.0203125 0.01015625
0 0.23125 0.67734375 0.02109375 0.01328125
0 0.609375 0.59375 0.01484375 0.01328125
0 0.525 0.4375 0.009375 0.01015625
0 0.56796875 0.38515625 0.00703125 0.0078125
0 0.78671875 0.496875 0.00703125 0.00625
0 0.8515625 0.3859375 0.0203125 0.02890625
0 0.775 0.37265625 0.01171875 0.0125
0 0.6984375 0.29453125 0.00703125 0.00546875
0 0.79375 0.28203125 0.00625 0.0078125
0 0.1046875 0.41796875 0.0109375 0.009375
