0 0.62421875 0.140625 0.15234375 0.13671875
0 0.75703125 0.15234375 0.075 0.08125
0 0.690625 0.2671875 0.05 0.06015625
0 0.58515625 0.384375 0.1625 0.18671875
0 0.58828125 0.53125 0.0796875 0.084375
0 0.85390625 0.43671875 0.03984375 0.04140625
0 0.83515625 0.56875 0.08828125 0.07890625
0 0.83359375 0.7140625 0.0640625 0.06171875
0 0.74453125 0.6515625 0.05 0.071875
0 0.725 0.5578125 0.0421875 0.0453125
0 0.75 0.8078125 0.06875 0.071875
0 0.63828125 0.75078125 0.0546875 0.05
0 0.496875 0.74921875 0.09140625 0.09921875
