0 0.45546875 0.23359375 0.1078125 0.1046875
0 0.5484375 0.31015625 0.053125 0.05703125
0 0.64296875 0.3140625 0.08984375 0.05859375
0 0.7203125 0.265625 0.065625 0.06484375
0 0.8125 0.51953125 0.06171875 0.07265625
0 0.57109375 0.490625 0.353125 0.23828125
0 0.35625 0.3640625 0.05859375 0.05
0 0.46484375 0.115625 0.04609375 0.05703125
0 0.38203125 0.14765625 0.05703125 0.06796875
0 0.596875 0.2265625 0.06953125 0.0640625
0 0.5078125 0.50234375 0.0375 0.02578125
0 0.54296875 0.60078125 0.040625 0.03515625
