0 0.740625 0.43515625 0.0125 0.0125
0 0.66796875 0.50859375 0.0203125 0.01015625
0 0.76875 0.67734375 0.02109375 0.01328125
0 0.390625 0.59375 0.01484375 0.01328125
0 0.475 0.4375 0.009375 0.01015625
0 0.43203125 0.38515625 0.00703125 0.0078125
0 0.21328125 0.496875 0.00703125 0.00625
0 0.1484375 0.3859375 0.0203125 0.02890625
0 0.225 0.37265625 0.01171875 0.0125
0 0.3015625 0.29453125 0.00703125 0.00546875
0 0.20625 0.28203125 0.00625 0.0078125
0 0.8953125 0.41796875 0.0109375 0.009375
