0 0.259375 0.56484375 0.0125 0.0125
0 0.33203125 0.49140625 0.0203125 0.01015625
0 0.23125 0.32265625 0.02109375 0.01328125
0 0.609375 0.40625 0.01484375 0.01328125
0 0.525 0.5625 0.009375 0.01015625
0 0.56796875 0.61484375 0.00703125 0.0078125
0 0.78671875 0.503125 0.00703125 0.00625
0 0.8515625 0.6140625 0.0203125 0.02890625
0 0.775 0.62734375 0.01171875 0.0125
0 0.6984375 0.70546875 0.00703125 0.00546875
0 0.79375 0.71796875 0.00625 0.0078125
0 0.1046875 0.58203125 0.0109375 0.009375
