0 0.43203125 0.221875 0.1375 0.13125
0 0.3 0.22578125 0.0828125 0.07109375
0 0.34921875 0.33828125 0.04609375 0.05234375
0 0.4484375 0.46328125 0.15703125 0.17265625
0 0.425 0.60234375 0.0875 0.0828125
0 0.18125 0.48515625 0.046875 0.0328125
0 0.18671875 0.6171875 0.07421875 0.07109375
0 0.290625 0.6125 0.0375 0.03828125
0 0.1796875 0.75 0.046875 0.06015625
0 0.265625 0.7046875 0.0515625 0.06171875
0 0.246875 0.85078125 0.06953125 0.0734375
0 0.36171875 0.80859375 0.05078125 0.05390625
0 0.503125 0.81796875 0.0734375 0.09765625
