0 0.1109375 0.47421875 0.01015625 0.0125
0 0.26484375 0.4625 0.015625 0.01171875
0 0.3484375 0.51875 0.01796875 0.0109375
0 0.28046875 0.70546875 0.009375 0.0171875
0 0.63515625 0.5515625 0.01484375 0.00859375
0 0.521875 0.4140625 0.009375 0.009375
0 0.5546875 0.35625 0.01015625 0.0109375
0 0.753125 0.30234375 0.01015625 0.0140625
0 0.78984375 0.42265625 0.00859375 0.009375
0 0.83515625 0.30078125 0.0234375 0.0328125
0 0.665625 0.240625 0.00546875 0.00625
0 0.7578125 0.2109375 0.009375 0.00703125
