0 0.521875 0.19140625 0.1265625 0.1515625
0 0.6578125 0.17578125 0.08046875 0.07890625
0 0.62265625 0.30234375 0.04453125 0.05078125
0 0.5375 0.44609375 0.16875 0.17734375
0 0.58203125 0.58203125 0.0734375 0.07578125
0 0.82109375 0.42421875 0.05078125 0.0296875
0 0.83515625 0.56015625 0.08515625 0.075
0 0.7625 0.665625 0.0421875 0.07109375
0 0.72421875 0.5703125 0.04140625 0.03671875
0 0.8625 0.70234375 0.05078125 0.05390625
0 0.8046875 0.81953125 0.07578125 0.06328125
0 0.67890625 0.78515625 0.0484375 0.05
0 0.53359375 0.82265625 0.075 0.10546875
