0 0.1078125 0.4359375 0.01328125 0.01171875
0 0.26328125 0.44140625 0.01171875 0.0140625
0 0.340625 0.50625 0.015625 0.009375
0 0.25078125 0.68359375 0.0125 0.01484375
0 0.5265625 0.42421875 0.00859375 0.0109375
0 0.56640625 0.36796875 0.0078125 0.0078125
0 0.62265625 0.57265625 0.01171875 0.0078125
0 0.7921875 0.4625 0.0078125 0.0078125
0 0.77109375 0.3375 0.0109375 0.01328125
0 0.85078125 0.3484375 0.02109375 0.02890625
0 0.78515625 0.246875 0.009375 0.009375
0 0.68984375 0.265625 0.00703125 0.0078125
