0 0.1828125 0.334375 0.01171875 0.01015625
0 0.32578125 0.38671875 0.01171875 0.01171875
0 0.37890625 0.47109375 0.01953125 0.01171875
0 0.2453125 0.6078125 0.0109375 0.01484375
0 0.625 0.628125 0.01328125 0.01015625
0 0.58125 0.45546875 0.00859375 0.0140625
0 0.63828125 0.415625 0.0078125 0.01015625
0 0.79296875 0.359375 0.00703125 0.0078125
0 0.8515625 0.4546875 0.0125 0.0125
0 0.82578125 0.58046875 0.009375 0.0078125
0 0.92890625 0.49375 0.01875 0.0375
0 0.8953125 0.37109375 0.00859375 0.01171875
