0 0.56640625 0.22578125 0.1109375 0.09296875
0 0.5078125 0.47578125 0.0578125 0.053125
0 0.4828125 0.409375 0.0421875 0.03984375
0 0.42421875 0.45546875 0.01875 0.015625
0 0.415625 0.40546875 0.01796875 0.01328125
0 0.23203125 0.52890625 0.02421875 0.028125
0 0.625 0.6234375 0.06171875 0.0671875
0 0.640625 0.7296875 0.04609375 0.04765625
0 0.825 0.39296875 0.07890625 0.059375
0 0.7078125 0.45703125 0.03046875 0.04375
0 0.7953125 0.5390625 0.1328125 0.09921875
0 0.8234375 0.640625 0.03828125 0.0359375
0 0.51171875 0.7046875 0.03046875 0.034375
0 0.603125 0.8375 0.06640625 0.078125
0 0.490625 0.7890625 0.14296875 0.05703125
0 0.44453125 0.62734375 0.059375 0.0390625
0 0.29765625 0.709375 0.06640625 0.16171875
0 0.19765625 0.61015625 0.01875 0.0203125
0 0.2453125 0.6609375 0.025 0.02890625
0 0.4 0.540625 0.02421875 0.02421875
