0 0.24609375 0.2515625 0.178125 0.1109375
0 0.125 0.3078125 0.0859375 0.0796875
0 0.22578125 0.38125 0.04296875 0.0546875
0 0.36484375 0.45 0.13984375 0.17578125
0 0.396875 0.59765625 0.071875 0.08046875
0 0.13515625 0.5921875 0.0390625 0.04140625
0 0.190625 0.71328125 0.08984375 0.05
0 0.2453125 0.82578125 0.0578125 0.0453125
0 0.34375 0.8828125 0.04921875 0.071875
0 0.42578125 0.803125 0.040625 0.04375
0 0.55859375 0.75703125 0.0828125 0.0828125
0 0.284375 0.66015625 0.03359375 0.03515625
0 0.30234375 0.75078125 0.0578125 0.05546875
