0 0.21796875 0.55703125 0.10703125 0.1171875
0 0.44140625 0.47109375 0.11875 0.07265625
0 0.46875 0.6828125 0.0453125 0.03359375
0 0.415625 0.81640625 0.0625 0.09375
0 0.615625 0.5828125 0.0421875 0.0703125
0 0.7390625 0.5921875 0.0546875 0.05234375
0 0.56640625 0.7640625 0.09765625 0.1515625
0 0.78359375 0.4296875 0.07265625 0.14375
0 0.84609375 0.540625 0.07421875 0.06640625
0 0.7140625 0.23515625 0.1109375 0.065625
0 0.62109375 0.396875 0.0421875 0.05625
0 0.7015625 0.4546875 0.02890625 0.0328125
0 0.66640625 0.7859375 0.0296875 0.0421875
0 0.440625 0.39453125 0.02421875 0.0203125
0 0.52890625 0.36015625 0.0203125 0.0234375
0 0.5 0.18828125 0.04453125 0.02421875
0 0.3703125 0.20625 0.03671875 0.0296875
0 0.58046875 0.14609375 0.02265625 0.021875
0 0.23046875 0.6765625 0.01640625 0.01484375
0 0.24375 0.771875 0.01953125 0.01875
