0 0.86953125 0.44375 0.09609375 0.1296875
0 0.72109375 0.75546875 0.04921875 0.09296875
0 0.63203125 0.63359375 0.0546875 0.046875
0 0.55234375 0.75 0.1015625 0.12734375
0 0.45234375 0.56796875 0.05390625 0.07421875
0 0.61484375 0.38984375 0.11015625 0.1296875
0 0.3265625 0.6171875 0.0578125 0.06796875
0 0.2046875 0.58046875 0.0859375 0.07578125
0 0.246875 0.46015625 0.0765625 0.15
0 0.4078125 0.378125 0.05 0.06796875
0 0.275 0.240625 0.125 0.08046875
0 0.5734375 0.71015625 0.03359375 0.03515625
0 0.896875 0.39765625 0.03046875 0.0265625
0 0.634375 0.12109375 0.0328125 0.03203125
0 0.23359375 0.41171875 0.040625 0.05859375
0 0.33125 0.6 0.0375 0.0265625
0 0.88125 0.56875 0.01953125 0.0140625
0 0.41484375 0.390625 0.0140625 0.01953125
0 0.3234375 0.24765625 0.01796875 0.021875
0 0.3453125 0.18125 0.01328125 0.0171875
0 0.40546875 0.3609375 0.0296875 0.021875
0 0.646875 0.3171875 0.01171875 0.01640625
