0 0.23046875 0.35078125 0.16953125 0.1109375
0 0.13359375 0.42578125 0.075 0.0703125
0 0.25546875 0.49921875 0.06328125 0.10234375
0 0.39921875 0.49453125 0.1609375 0.15078125
0 0.446875 0.634375 0.06796875 0.103125
0 0.37109375 0.5921875 0.03359375 0.02890625
0 0.63125 0.7546875 0.10390625 0.06796875
0 0.5171875 0.8203125 0.0515625 0.05234375
0 0.46484375 0.9109375 0.05 0.0765625
0 0.28359375 0.7890625 0.0796875 0.0578125
0 0.203125 0.68828125 0.0390625 0.05546875
0 0.35859375 0.878125 0.06171875 0.046875
0 0.39609375 0.8 0.06015625 0.0515625
0 0.36328125 0.7234375 0.03984375 0.0328125
