0 0.8703125 0.47109375 0.0125 0.01328125
0 0.72578125 0.51328125 0.0125 0.0109375
0 0.63203125 0.47421875 0.015625 0.01328125
0 0.659375 0.2828125 0.01328125 0.01484375
0 0.46484375 0.6765625 0.0078125 0.0109375
0 0.484375 0.61171875 0.01171875 0.0109375
0 0.34375 0.5015625 0.0125 0.0078125
0 0.21796875 0.66171875 0.01015625 0.00625
0 0.27578125 0.77265625 0.009375 0.0125
0 0.37734375 0.81328125 0.00625 0.0046875
0 0.29140625 0.865625 0.00546875 0.0046875
0 0.190625 0.790625 0.0265625 0.0328125
