0 0.1296875 0.47109375 0.0125 0.01328125
0 0.27421875 0.51328125 0.0125 0.0109375
0 0.36796875 0.47421875 0.015625 0.01328125
0 0.340625 0.2828125 0.01328125 0.01484375
0 0.53515625 0.6765625 0.0078125 0.0109375
0 0.515625 0.61171875 0.01171875 0.0109375
0 0.65625 0.5015625 0.0125 0.0078125
0 0.78203125 0.66171875 0.01015625 0.00625
0 0.72421875 0.77265625 0.009375 0.0125
0 0.62265625 0.81328125 0.00625 0.0046875
0 0.70859375 0.865625 0.00546875 0.0046875
0 0.809375 0.790625 0.0265625 0.0328125
