0 0.7453125 0.67578125 0.171875 0.09375
0 0.84765625 0.6078125 0.07734375 0.071875
0 0.74296875 0.553125 0.04765625 0.0609375
0 0.5890625 0.50703125 0.17265625 0.17890625
0 0.546875 0.3828125 0.08046875 0.096875
0 0.78671875 0.34296875 0.05390625 0.04765625
0 0.715625 0.23984375 0.096875 0.06328125
0 0.66015625 0.1484375 0.05859375 0.04296875
0 0.55234375 0.11484375 0.05390625 0.08046875
0 0.490625 0.19609375 0.04765625 0.04375
0 0.3671875 0.25625 0.096875 0.07109375
0 0.64609375 0.30546875 0.03984375 0.03359375
0 0.60703125 0.22421875 0.06015625 0.05390625
