0 0.13046875 0.44375 0.09609375 0.1296875
0 0.27890625 0.75546875 0.04921875 0.09296875
0 0.36796875 0.63359375 0.0546875 0.046875
0 0.44765625 0.75 0.1015625 0.12734375
0 0.54765625 0.56796875 0.05390625 0.07421875
0 0.38515625 0.38984375 0.11015625 0.1296875
0 0.6734375 0.6171875 0.0578125 0.06796875
0 0.7953125 0.58046875 0.0859375 0.07578125
0 0.753125 0.46015625 0.0765625 0.15
0 0.5921875 0.378125 0.05 0.06796875
0 0.725 0.240625 0.125 0.08046875
0 0.4265625 0.71015625 0.03359375 0.03515625
0 0.103125 0.39765625 0.03046875 0.0265625
0 0.365625 0.12109375 0.0328125 0.03203125
0 0.76640625 0.41171875 0.040625 0.05859375
0 0.66875 0.6 0.0375 0.0265625
0 0.11875 0.56875 0.01953125 0.0140625
0 0.58515625 0.390625 0.0140625 0.01953125
0 0.6765625 0.24765625 0.01796875 0.021875
0 0.6546875 0.18125 0.01328125 0.0171875
0 0.59453125 0.3609375 0.0296875 0.021875
0 0.353125 0.3171875 0.01171875 0.01640625
