0 0.8921875 0.4359375 0.01328125 0.01171875
0 0.73671875 0.44140625 0.01171875 0.0140625
0 0.659375 0.50625 0.015625 0.009375
0 0.74921875 0.68359375 0.0125 0.01484375
0 0.4734375 0.42421875 0.00859375 0.0109375
0 0.43359375 0.36796875 0.0078125 0.0078125
0 0.37734375 0.57265625 0.01171875 0.0078125
0 0.2078125 0.4625 0.0078125 0.0078125
0 0.22890625 0.3375 0.0109375 0.01328125
0 0.14921875 0.3484375 0.02109375 0.02890625
0 0.21484375 0.246875 0.009375 0.009375
0 0.31015625 0.265625 0.00703125 0.0078125
