0 0.79140625 0.83515625 0.18515625 0.121875
0 0.91640625 0.77578125 0.0734375 0.1015625
0 0.803125 0.68984375 0.06328125 0.08984375
0 0.63828125 0.6171875 0.1796875 0.20703125
0 0.5984375 0.46015625 0.06796875 0.0984375
0 0.715625 0.38203125 0.0421875 0.04921875
0 0.8140625 0.31875 0.096875 0.07109375
0 0.8796875 0.45 0.04921875 0.07265625
0 0.6921875 0.2859375 0.07109375 0.05625
0 0.7625 0.19921875 0.08671875 0.04453125
0 0.63125 0.14296875 0.0625 0.08984375
0 0.54921875 0.2296875 0.059375 0.04921875
0 0.41328125 0.2890625 0.10859375 0.08359375
