0 0.86328125 0.603125 0.01328125 0.0109375
0 0.70546875 0.55703125 0.0140625 0.01328125
0 0.64453125 0.46796875 0.02109375 0.0109375
0 0.78203125 0.32109375 0.0125 0.01640625
0 0.42421875 0.49765625 0.00859375 0.0109375
0 0.3640625 0.540625 0.0078125 0.01015625
0 0.3703125 0.3125 0.01328125 0.01171875
0 0.1546875 0.36875 0.01015625 0.009375
0 0.13203125 0.50859375 0.01328125 0.01640625
0 0.0875 0.6015625 0.0078125 0.0078125
0 0.2 0.609375 0.0078125 0.00703125
0 0.04609375 0.475 0.028125 0.0390625
