0 0.76484375 0.24296875 0.16328125 0.10234375
0 0.88046875 0.30703125 0.0703125 0.071875
0 0.76171875 0.3765625 0.04375 0.06015625
0 0.60703125 0.42734375 0.15859375 0.19140625
0 0.5625 0.5703125 0.053125 0.08671875
0 0.7578125 0.7140625 0.08671875 0.0546875
0 0.828125 0.59921875 0.03984375 0.05078125
0 0.66796875 0.64921875 0.03359375 0.03046875
0 0.6375 0.74140625 0.053125 0.05390625
0 0.68828125 0.825 0.06796875 0.04765625
0 0.57578125 0.865625 0.05390625 0.075
0 0.50546875 0.7765625 0.0546875 0.05
0 0.3734375 0.7140625 0.0984375 0.0765625
