0 0.778125 0.59296875 0.0171875 0.0171875
0 0.715625 0.5078125 0.01953125 0.01171875
0 0.50859375 0.5484375 0.01015625 0.0171875
0 0.45703125 0.5953125 0.01015625 0.01171875
0 0.84453125 0.34765625 0.0109375 0.01484375
0 0.44375 0.3796875 0.01015625 0.0140625
0 0.24609375 0.5796875 0.01015625 0.01484375
0 0.171875 0.55625 0.0203125 0.03359375
0 0.25234375 0.4578125 0.01328125 0.01171875
0 0.3140625 0.66875 0.0046875 0.00546875
0 0.2171875 0.66875 0.0078125 0.0078125
0 0.9359375 0.6359375 0.00859375 0.00859375
