0 0.221875 0.40703125 0.0171875 0.0171875
0 0.284375 0.4921875 0.01953125 0.01171875
0 0.49140625 0.4515625 0.01015625 0.0171875
0 0.54296875 0.4046875 0.01015625 0.01171875
0 0.15546875 0.65234375 0.0109375 0.01484375
0 0.55625 0.6203125 0.01015625 0.0140625
0 0.75390625 0.4203125 0.01015625 0.01484375
0 0.828125 0.44375 0.0203125 0.03359375
0 0.74765625 0.5421875 0.01328125 0.01171875
0 0.6859375 0.33125 0.0046875 0.00546875
0 0.7828125 0.33125 0.0078125 0.0078125
0 0.0640625 0.3640625 0.00859375 0.00859375
