0 0.478125 0.80859375 0.1265625 0.1515625
0 0.3421875 0.82421875 0.08046875 0.07890625
0 0.37734375 0.69765625 0.04453125 0.05078125
0 0.4625 0.55390625 0.16875 0.17734375
0 0.41796875 0.41796875 0.0734375 0.07578125
0 0.17890625 0.57578125 0.05078125 0.0296875
0 0.16484375 0.43984375 0.08515625 0.075
0 0.2375 0.334375 0.0421875 0.07109375
0 0.27578125 0.4296875 0.04140625 0.03671875
0 0.1375 0.29765625 0.05078125 0.05390625
0 0.1953125 0.18046875 0.07578125 0.06328125
0 0.32109375 0.21484375 0.0484375 0.05
0 0.46640625 0.17734375 0.075 0.10546875
