0 0.8171875 0.665625 0.01171875 0.01015625
0 0.67421875 0.61328125 0.01171875 0.01171875
0 0.62109375 0.52890625 0.01953125 0.01171875
0 0.7546875 0.3921875 0.0109375 0.01484375
0 0.375 0.371875 0.01328125 0.01015625
0 0.41875 0.54453125 0.00859375 0.0140625
0 0.36171875 0.584375 0.0078125 0.01015625
0 0.20703125 0.640625 0.00703125 0.0078125
0 0.1484375 0.5453125 0.0125 0.0125
0 0.17421875 0.41953125 0.009375 0.0078125
0 0.07109375 0.50625 0.01875 0.0375
0 0.1046875 0.62890625 0.00859375 0.01171875
