0 0.8890625 0.47421875 0.01015625 0.0125
0 0.73515625 0.4625 0.015625 0.01171875
0 0.6515625 0.51875 0.01796875 0.0109375
0 0.71953125 0.70546875 0.009375 0.0171875
0 0.36484375 0.5515625 0.01484375 0.00859375
0 0.478125 0.4140625 0.009375 0.009375
0 0.4453125 0.35625 0.01015625 0.0109375
0 0.246875 0.30234375 0.01015625 0.0140625
0 0.21015625 0.42265625 0.00859375 0.009375
0 0.16484375 0.30078125 0.0234375 0.0328125
0 0.334375 0.240625 0.00546875 0.00625
0 0.2421875 0.2109375 0.009375 0.00703125
