0 0.61640625 0.24140625 0.08671875 0.1
0 0.50859375 0.30859375 0.05 0.06796875
0 0.3421875 0.2421875 0.065625 0.06328125
0 0.4171875 0.30234375 0.0859375 0.075
0 0.47421875 0.47265625 0.3484375 0.25078125
0 0.6953125 0.38125 0.0703125 0.0609375
0 0.2125 0.4859375 0.053125 0.0609375
0 0.47421875 0.2203125 0.0609375 0.06328125
0 0.61328125 0.125 0.03671875 0.04765625
0 0.68828125 0.171875 0.059375 0.065625
0 0.521875 0.5015625 0.04296875 0.034375
0 0.47890625 0.5984375 0.0453125 0.04296875
