0 0.4171875 0.67734375 0.74765625 0.46875
0 0.21171875 0.325 0.08203125 0.05
0 0.309375 0.409375 0.03125 0.05
0 0.29765625 0.3296875 0.034375 0.02265625
0 0.346875 0.278125 0.01953125 0.06015625
0 0.43125 0.24609375 0.0375 0.0484375
0 0.4078125 0.45390625 0.03828125 0.03984375
0 0.45625 0.35546875 0.03671875 0.07734375
0 0.86171875 0.32109375 0.07265625 0.17578125
0 0.8734375 0.51171875 0.05 0.05625
0 0.91953125 0.57265625 0.0359375 0.03671875
0 0.98515625 0.63671875 0.02890625 0.0703125
