0 0.66171875 0.27421875 0.07734375 0.096875
0 0.4078125 0.234375 0.053125 0.0703125
0 0.4671875 0.3015625 0.07734375 0.071875
0 0.5515625 0.321875 0.05 0.0640625
0 0.70703125 0.41796875 0.05 0.05
0 0.4953125 0.46640625 0.34765625 0.2359375
0 0.25234375 0.43828125 0.06484375 0.0578125
0 0.53046875 0.23671875 0.0609375 0.0578125
0 0.6828125 0.16484375 0.0375 0.05390625
0 0.74453125 0.225 0.04609375 0.0671875
0 0.53046875 0.50703125 0.04375 0.03359375
0 0.471875 0.58984375 0.04375 0.03671875
