0 0.2546875 0.32421875 0.171875 0.09375
0 0.15234375 0.3921875 0.07734375 0.071875
0 0.25703125 0.446875 0.04765625 0.0609375
0 0.4109375 0.49296875 0.17265625 0.17890625
0 0.453125 0.6171875 0.08046875 0.096875
0 0.21328125 0.65703125 0.05390625 0.04765625
0 0.284375 0.76015625 0.096875 0.06328125
0 0.33984375 0.8515625 0.05859375 0.04296875
0 0.44765625 0.88515625 0.05390625 0.08046875
0 0.509375 0.80390625 0.04765625 0.04375
0 0.6328125 0.74375 0.096875 0.07109375
0 0.35390625 0.69453125 0.03984375 0.03359375
0 0.39296875 0.77578125 0.06015625 0.05390625
