0 0.38359375 0.75859375 0.08671875 0.1
0 0.49140625 0.69140625 0.05 0.06796875
0 0.6578125 0.7578125 0.065625 0.06328125
0 0.5828125 0.69765625 0.0859375 0.075
0 0.52578125 0.52734375 0.3484375 0.25078125
0 0.3046875 0.61875 0.0703125 0.0609375
0 0.7875 0.5140625 0.053125 0.0609375
0 0.52578125 0.7796875 0.0609375 0.06328125
0 0.38671875 0.875 0.03671875 0.04765625
0 0.31171875 0.828125 0.059375 0.065625
0 0.478125 0.4984375 0.04296875 0.034375
0 0.52109375 0.4015625 0.0453125 0.04296875
