0 0.35234375 0.21015625 0.165625 0.11640625
0 0.2234375 0.24375 0.08203125 0.07265625
0 0.3015625 0.33671875 0.05078125 0.0578125
0 0.43359375 0.43046875 0.14921875 0.18515625
0 0.17421875 0.52109375 0.0484375 0.05234375
0 0.43828125 0.5796875 0.06484375 0.0875
0 0.21171875 0.64921875 0.07734375 0.05703125
0 0.2359375 0.77421875 0.05625 0.04765625
0 0.328125 0.8484375 0.05078125 0.06875
0 0.4234375 0.78671875 0.0421875 0.0421875
0 0.5625 0.76796875 0.08203125 0.090625
0 0.31484375 0.71328125 0.05 0.059375
0 0.31484375 0.61796875 0.03359375 0.02890625
