0 0.56796875 0.221875 0.1375 0.13125
0 0.7 0.22578125 0.0828125 0.07109375
0 0.65078125 0.33828125 0.04609375 0.05234375
0 0.5515625 0.46328125 0.15703125 0.17265625
0 0.575 0.60234375 0.0875 0.0828125
0 0.81875 0.48515625 0.046875 0.0328125
0 0.81328125 0.6171875 0.07421875 0.07109375
0 0.709375 0.6125 0.0375 0.03828125
0 0.8203125 0.75 0.046875 0.06015625
0 0.734375 0.7046875 0.0515625 0.06171875
0 0.753125 0.85078125 0.06953125 0.0734375
0 0.63828125 0.80859375 0.05078125 0.05390625
0 0.496875 0.81796875 0.0734375 0.09765625
