0 0.73046875 0.6921875 0.16171875 0.090625
0 0.8375 0.63515625 0.07421875 0.06484375
0 0.7390625 0.575 0.04375 0.053125
0 0.59296875 0.52890625 0.1421875 0.15
0 0.5578125 0.38359375 0.06015625 0.0890625
0 0.74140625 0.2609375 0.084375 0.0515625
0 0.68515625 0.15859375 0.053125 0.04375
0 0.5859375 0.11171875 0.0375 0.07265625
0 0.515625 0.196875 0.03828125 0.04296875
0 0.390625 0.246875 0.0875 0.078125
0 0.65546875 0.31953125 0.0359375 0.0265625
0 0.6328125 0.23125 0.05234375 0.0484375
0 0.8046875 0.3703125 0.0421875 0.04375
