0 0.26953125 0.3078125 0.16171875 0.090625
0 0.1625 0.36484375 0.07421875 0.06484375
0 0.2609375 0.425 0.04375 0.053125
0 0.40703125 0.47109375 0.1421875 0.15
0 0.4421875 0.61640625 0.06015625 0.0890625
0 0.25859375 0.7390625 0.084375 0.0515625
0 0.31484375 0.84140625 0.053125 0.04375
0 0.4140625 0.88828125 0.0375 0.07265625
0 0.484375 0.803125 0.03828125 0.04296875
0 0.609375 0.753125 0.0875 0.078125
0 0.34453125 0.68046875 0.0359375 0.0265625
0 0.3671875 0.76875 0.05234375 0.0484375
0 0.1953125 0.6296875 0.0421875 0.04375
