0 0.78203125 0.55703125 0.10703125 0.1171875
0 0.55859375 0.47109375 0.11875 0.07265625
0 0.53125 0.6828125 0.0453125 0.03359375
0 0.584375 0.81640625 0.0625 0.09375
0 0.384375 0.5828125 0.0421875 0.0703125
0 0.2609375 0.5921875 0.0546875 0.05234375
0 0.43359375 0.7640625 0.09765625 0.1515625
0 0.21640625 0.4296875 0.07265625 0.14375
0 0.15390625 0.540625 0.07421875 0.06640625
0 0.2859375 0.23515625 0.1109375 0.065625
0 0.37890625 0.396875 0.0421875 0.05625
0 0.2984375 0.4546875 0.02890625 0.0328125
0 0.33359375 0.7859375 0.0296875 0.0421875
0 0.559375 0.39453125 0.02421875 0.0203125
0 0.47109375 0.36015625 0.0203125 0.0234375
0 0.5 0.18828125 0.04453125 0.02421875
0 0.6296875 0.20625 0.03671875 0.0296875
0 0.41953125 0.14609375 0.02265625 0.021875
0 0.76953125 0.6765625 0.01640625 0.01484375
0 0.75625 0.771875 0.01953125 0.01875
