0 0.103515625 0.833984375 0.20703125 0.08984375
0 0.08984375 0.595703125 0.09765625 0.07421875
0 0.2724609375 0.501953125 0.123046875 0.1015625
0 0.9189453125 0.55078125 0.0703125 0.05859375
0 0.8759765625 0.484375 0.06640625 0.046875
0 0.7626953125 0.5361328125 0.05859375 0.06640625
0 0.7919921875 0.4443359375 0.05859375 0.087890625
0 0.779296875 0.7431640625 0.0859375 0.068359375
0 0.5556640625 0.5546875 0.11328125 0.1171875
0 0.3759765625 0.7802734375 0.095703125 0.060546875
0 0.5888671875 0.79296875 0.08203125 0.076171875
0 0.64453125 0.77734375 0.05859375 0.056640625
0 0.609375 0.107421875 0.12109375 0.060546875
0 0.1796875 0.287109375 0.1171875 0.15234375
0 0.0849609375 0.1875 0.169921875 0.08203125
0 0.3095703125 0.2314453125 0.134765625 0.07421875
0 0.33984375 0.478515625 0.12890625 0.064453125
0 0.4541015625 0.396484375 0.0859375 0.09375
0 0.50390625 0.4873046875 0.08203125 0.083984375
0 0.9013671875 0.2939453125 0.08984375 0.0546875
0 0.7685546875 0.30078125 0.115234375 0.0703125
0 0.8271484375 0.2041015625 0.1015625 0.05078125
0 0.7490234375 0.1435546875 0.15625 0.05859375
0 0.46484375 0.3115234375 0.0859375 0.0390625
0 0.572265625 0.1474609375 0.0859375 0.03515625
0 0.5146484375 0.0693359375 0.078125 0.138671875
0 0.8916015625 0.2373046875 0.07421875 0.029296875
0 0.8271484375 0.24609375 0.04296875 0.03515625
0 0.5537109375 0.220703125 0.046875 0.0234375
0 0.6572265625 0.427734375 0.07421875 0.05859375
0 0.58203125 0.6943359375 0.06640625 0.07421875
0 0.447265625 0.740234375 0.06640625 0.046875
0 0.5048828125 0.7958984375 0.0390625 0.0390625
0 0.4736328125 0.82421875 0.0703125 0.0546875
0 0.650390625 0.70703125 0.07421875 0.03515625
0 0.7158203125 0.728515625 0.037109375 0.04296875
0 0.2763671875 0.6845703125 0.04296875 0.04296875
0 0.2041015625 0.7451171875 0.072265625 0.03125
0 0.30078125 0.4326171875 0.07421875 0.05859375
0 0.443359375 0.482421875 0.0390625 0.03125
0 0.52734375 0.3671875 0.05078125 0.04296875
0 0.0595703125 0.0703125 0.078125 0.05078125
0 0.90234375 0.1923828125 0.052734375 0.05078125
0 0.873046875 0.15234375 0.04296875 0.03125
0 0.8232421875 0.3291015625 0.0546875 0.05859375
0 0.9345703125 0.439453125 0.07421875 0.05078125
0 0.734375 0.6904296875 0.046875 0.037109375
0 0.833984375 0.7431640625 0.033203125 0.03515625
0 0.943359375 0.7685546875 0.07421875 0.025390625
0 0.3505859375 0.548828125 0.16796875 0.11328125
0 0.2451171875 0.6328125 0.05859375 0.02734375
0 0.0849609375 0.6533203125 0.04296875 0.03515625
0 0.41796875 0.6435546875 0.06640625 0.091796875
0 0.8876953125 0.8359375 0.0703125 0.1328125
0 0.0869140625 0.6982421875 0.041015625 0.04296875
