0 0.7880859375 0.62890625 0.423828125 0.22265625
0 0.455078125 0.873046875 0.21484375 0.25390625
0 0.623046875 0.5576171875 0.12890625 0.140625
0 0.4208984375 0.27734375 0.271484375 0.296875
0 0.173828125 0.447265625 0.345703125 0.2890625
0 0.7890625 0.1416015625 0.3046875 0.28125
0 0.810546875 0.4306640625 0.337890625 0.177734375
0 0.7080078125 0.3447265625 0.091796875 0.072265625
0 0.57421875 0.3330078125 0.1015625 0.0703125
0 0.4111328125 0.4736328125 0.166015625 0.12890625
0 0.125 0.62109375 0.24609375 0.1875
0 0.4140625 0.5458984375 0.06640625 0.044921875
0 0.4423828125 0.6787109375 0.05859375 0.07421875
