0 0.830078125 0.83984375 0.28125 0.125
0 0.2451171875 0.74609375 0.099609375 0.111328125
0 0.326171875 0.6240234375 0.16796875 0.09375
0 0.767578125 0.078125 0.30859375 0.115234375
0 0.4462890625 0.8154296875 0.107421875 0.12890625
0 0.2587890625 0.84375 0.142578125 0.068359375
0 0.4453125 0.638671875 0.08984375 0.1328125
0 0.5859375 0.705078125 0.1328125 0.1484375
0 0.298828125 0.232421875 0.13671875 0.150390625
0 0.4111328125 0.16796875 0.13671875 0.150390625
0 0.5986328125 0.4013671875 0.302734375 0.12890625
0 0.6162109375 0.3251953125 0.26171875 0.1875
