0 0.3017578125 0.7412109375 0.099609375 0.103515625
0 0.2119140625 0.6552734375 0.1875 0.130859375
0 0.5244140625 0.6767578125 0.16796875 0.21875
0 0.7509765625 0.3408203125 0.1875 0.10546875
0 0.607421875 0.2744140625 0.0703125 0.103515625
0 0.6181640625 0.46484375 0.07421875 0.138671875
0 0.8154296875 0.5625 0.1015625 0.12109375
0 0.890625 0.4560546875 0.15234375 0.1171875
0 0.67578125 0.896484375 0.1171875 0.17578125
0 0.927734375 0.3583984375 0.130859375 0.10546875
0 0.4052734375 0.712890625 0.099609375 0.125
0 0.4892578125 0.9345703125 0.130859375 0.12890625
0 0.54296875 0.2666015625 0.05078125 0.130859375
0 0.5068359375 0.5185546875 0.12109375 0.09375
0 0.3232421875 0.55859375 0.080078125 0.1015625
0 0.2275390625 0.5732421875 0.109375 0.1171875
0 0.3310546875 0.279296875 0.111328125 0.08203125
0 0.2177734375 0.4404296875 0.09765625 0.08203125
0 0.40625 0.5341796875 0.1015625 0.0859375
0 0.4033203125 0.4580078125 0.09765625 0.0546875
0 0.7900390625 0.6728515625 0.095703125 0.046875
