0 0.84375 0.146484375 0.3125 0.22265625
0 0.564453125 0.736328125 0.11328125 0.1015625
0 0.6904296875 0.775390625 0.1640625 0.12109375
0 0.2529296875 0.0986328125 0.3125 0.1953125
0 0.1357421875 0.3759765625 0.271484375 0.244140625
0 0.4609375 0.5888671875 0.30078125 0.203125
0 0.4990234375 0.7294921875 0.1171875 0.08203125
0 0.396484375 0.1689453125 0.171875 0.091796875
0 0.4794921875 0.2880859375 0.140625 0.115234375
0 0.3994140625 0.3544921875 0.125 0.09375
0 0.2724609375 0.330078125 0.162109375 0.04296875
0 0.3212890625 0.7451171875 0.23046875 0.13671875
0 0.23046875 0.509765625 0.06640625 0.115234375
0 0.1611328125 0.4892578125 0.15234375 0.109375
0 0.2939453125 0.525390625 0.0546875 0.08984375
0 0.2001953125 0.9306640625 0.279296875 0.138671875
0 0.9296875 0.615234375 0.140625 0.140625
