0 0.0810546875 0.6015625 0.15234375 0.2626953125
0 0.52734375 0.39453125 0.1357421875 0.1259765625
0 0.615234375 0.361328125 0.0703125 0.1259765625
0 0.9248046875 0.5703125 0.126953125 0.111328125
0 0.9111328125 0.68359375 0.1318359375 0.208984375
0 0.59765625 0.48046875 0.087890625 0.0986328125
0 0.3818359375 0.6103515625 0.091796875 0.091796875
0 0.345703125 0.7275390625 0.0751953125 0.14453125
0 0.390625 0.935546875 0.0712890625 0.126953125
0 0.443359375 0.74609375 0.072265625 0.0556640625
