0 0.5634765625 0.2802734375 0.177734375 0.353515625
0 0.37109375 0.1923828125 0.1640625 0.384765625
0 0.2314453125 0.203125 0.1484375 0.2734375
0 0.1044921875 0.5986328125 0.177734375 0.197265625
0 0.3984375 0.7783203125 0.19140625 0.337890625
0 0.5654296875 0.6865234375 0.19140625 0.33203125
0 0.74609375 0.4677734375 0.328125 0.23046875
0 0.8671875 0.759765625 0.265625 0.474609375
0 0.7177734375 0.794921875 0.15234375 0.255859375
0 0.6640625 0.9501953125 0.15234375 0.099609375
0 0.44921875 0.955078125 0.279296875 0.08984375
0 0.45703125 0.42578125 0.07421875 0.11328125
