0 0.169921875 0.16015625 0.28125 0.125
0 0.7548828125 0.25390625 0.099609375 0.111328125
0 0.673828125 0.3759765625 0.16796875 0.09375
0 0.232421875 0.921875 0.30859375 0.115234375
0 0.5537109375 0.1845703125 0.107421875 0.12890625
0 0.7412109375 0.15625 0.142578125 0.068359375
0 0.5546875 0.361328125 0.08984375 0.1328125
0 0.4140625 0.294921875 0.1328125 0.1484375
0 0.701171875 0.767578125 0.13671875 0.150390625
0 0.5888671875 0.83203125 0.13671875 0.150390625
0 0.4013671875 0.5986328125 0.302734375 0.12890625
0 0.3837890625 0.6748046875 0.26171875 0.1875
