0 0.5966796875 0.6591796875 0.1064453125 0.0869140625
0 0.517578125 0.818359375 0.1005859375 0.1025390625
0 0.6416015625 0.7314453125 0.0966796875 0.048828125
0 0.78125 0.734375 0.13671875 0.0693359375
0 0.861328125 0.490234375 0.0830078125 0.08203125
0 0.787109375 0.41015625 0.1201171875 0.095703125
0 0.080078125 0.5439453125 0.1396484375 0.0888671875
0 0.1630859375 0.5654296875 0.1064453125 0.0537109375
0 0.3681640625 0.6181640625 0.1298828125 0.06640625
0 0.4521484375 0.5927734375 0.1083984375 0.0703125
0 0.546875 0.5068359375 0.1201171875 0.06640625
0 0.7294921875 0.8564453125 0.0986328125 0.041015625
0 0.51171875 0.7138671875 0.0625 0.03515625
0 0.7822265625 0.4765625 0.07421875 0.0498046875
0 0.6220703125 0.4912109375 0.5556640625 0.2275390625
