0 0.7138671875 0.748046875 0.291015625 0.138671875
0 0.8447265625 0.3642578125 0.234375 0.19921875
0 0.5595703125 0.3486328125 0.4140625 0.154296875
0 0.587890625 0.228515625 0.24609375 0.15234375
0 0.13671875 0.4267578125 0.2734375 0.224609375
0 0.234375 0.162109375 0.265625 0.15234375
0 0.6103515625 0.5888671875 0.4765625 0.197265625
0 0.1572265625 0.521484375 0.1171875 0.08203125
0 0.7021484375 0.916015625 0.375 0.16796875
0 0.3916015625 0.7041015625 0.171875 0.15625
0 0.2783203125 0.6162109375 0.23828125 0.18359375
0 0.28125 0.306640625 0.11328125 0.111328125
0 0.61328125 0.0517578125 0.48828125 0.1015625
0 0.4658203125 0.1650390625 0.22265625 0.11328125
0 0.2255859375 0.0517578125 0.25390625 0.1015625
