0 0.3037109375 0.671875 0.09375 0.12109375
0 0.470703125 0.46875 0.044921875 0.13671875
0 0.5029296875 0.3037109375 0.080078125 0.14453125
0 0.2646484375 0.2255859375 0.060546875 0.072265625
0 0.28515625 0.8046875 0.03515625 0.0859375
0 0.4384765625 0.8046875 0.0546875 0.16796875
0 0.3896484375 0.74609375 0.037109375 0.125
0 0.3759765625 0.8388671875 0.05078125 0.111328125
0 0.322265625 0.857421875 0.0546875 0.09765625
0 0.419921875 0.546875 0.07421875 0.140625
0 0.435546875 0.44140625 0.03515625 0.099609375
0 0.337890625 0.3359375 0.05078125 0.060546875
0 0.22265625 0.3173828125 0.03125 0.06640625
0 0.22265625 0.1650390625 0.04296875 0.07421875
0 0.26953125 0.1689453125 0.064453125 0.0625
0 0.2666015625 0.2900390625 0.05859375 0.072265625
0 0.2060546875 0.2568359375 0.0390625 0.115234375
0 0.298828125 0.5068359375 0.037109375 0.076171875
0 0.2275390625 0.5693359375 0.046875 0.109375
0 0.376953125 0.3662109375 0.052734375 0.12109375
0 0.423828125 0.3212890625 0.052734375 0.1171875
0 0.138671875 0.3466796875 0.048828125 0.05859375
0 0.2607421875 0.7724609375 0.041015625 0.060546875
0 0.4140625 0.3828125 0.029296875 0.064453125
0 0.74609375 0.3828125 0.0546875 0.16015625
0 0.7734375 0.55078125 0.09765625 0.12890625
