0 0.4892578125 0.25 0.0703125 0.130859375
0 0.3251953125 0.30078125 0.1416015625 0.1923828125
0 0.2216796875 0.7822265625 0.1416015625 0.23046875
0 0.3779296875 0.5302734375 0.1494140625 0.4345703125
0 0.59765625 0.4931640625 0.255859375 0.431640625
0 0.716796875 0.40625 0.2822265625 0.21484375
0 0.7724609375 0.6806640625 0.115234375 0.28125
0 0.380859375 0.8115234375 0.1416015625 0.2841796875
0 0.44921875 0.8134765625 0.2490234375 0.169921875
0 0.7109375 0.8056640625 0.08984375 0.2294921875
0 0.6513671875 0.9248046875 0.091796875 0.150390625
0 0.9296875 0.59765625 0.083984375 0.1884765625
0 0.044921875 0.2216796875 0.0888671875 0.314453125
0 0.4365234375 0.0498046875 0.0810546875 0.0986328125
0 0.4609375 0.5556640625 0.0869140625 0.1103515625
0 0.9619140625 0.919921875 0.076171875 0.16015625
