0 0.09375 0.7451171875 0.1875 0.21875
0 0.0380859375 0.525390625 0.076171875 0.1484375
0 0.23046875 0.3564453125 0.203125 0.150390625
0 0.72265625 0.8515625 0.28125 0.279296875
0 0.53125 0.58984375 0.10546875 0.130859375
0 0.1533203125 0.53515625 0.109375 0.134765625
0 0.1318359375 0.6259765625 0.19140625 0.2109375
0 0.302734375 0.2822265625 0.125 0.126953125
0 0.755859375 0.369140625 0.12890625 0.201171875
0 0.365234375 0.412109375 0.0625 0.177734375
0 0.705078125 0.705078125 0.279296875 0.259765625
0 0.9619140625 0.140625 0.076171875 0.14453125
