0 0.7421875 0.5009765625 0.30078125 0.2890625
0 0.40625 0.5126953125 0.375 0.181640625
0 0.314453125 0.2646484375 0.248046875 0.203125
0 0.1962890625 0.8046875 0.3046875 0.33984375
0 0.3916015625 0.86328125 0.23046875 0.2734375
0 0.642578125 0.73828125 0.28515625 0.169921875
0 0.6279296875 0.888671875 0.455078125 0.22265625
0 0.173828125 0.490234375 0.34765625 0.27734375
0 0.52734375 0.20703125 0.1875 0.193359375
0 0.8720703125 0.1083984375 0.255859375 0.216796875
0 0.9228515625 0.3671875 0.15234375 0.322265625
0 0.62109375 0.1123046875 0.1328125 0.12890625
