0 0.4853515625 0.673828125 0.18359375 0.19140625
0 0.712890625 0.7705078125 0.25390625 0.177734375
0 0.7333984375 0.4541015625 0.20703125 0.25390625
0 0.8623046875 0.111328125 0.220703125 0.19921875
0 0.2275390625 0.47265625 0.13671875 0.16796875
0 0.31640625 0.4208984375 0.09765625 0.19921875
0 0.5908203125 0.86328125 0.18359375 0.20703125
0 0.46875 0.3564453125 0.1796875 0.400390625
0 0.9091796875 0.482421875 0.16796875 0.267578125
0 0.919921875 0.7822265625 0.16015625 0.134765625
0 0.6025390625 0.9580078125 0.115234375 0.083984375
