0 0.173828125 0.521484375 0.15625 0.17578125
0 0.046875 0.62109375 0.09375 0.1875
0 0.13671875 0.716796875 0.1328125 0.13671875
0 0.4560546875 0.6318359375 0.095703125 0.099609375
0 0.4697265625 0.4365234375 0.126953125 0.171875
0 0.6484375 0.3369140625 0.1953125 0.1484375
0 0.5419921875 0.162109375 0.25390625 0.19140625
0 0.2431640625 0.306640625 0.14453125 0.11328125
0 0.9091796875 0.2783203125 0.181640625 0.232421875
0 0.796875 0.52734375 0.099609375 0.08984375
0 0.9521484375 0.560546875 0.0859375 0.12109375
0 0.8212890625 0.916015625 0.279296875 0.1015625
0 0.5654296875 0.71484375 0.115234375 0.140625
0 0.9384765625 0.431640625 0.080078125 0.0859375
0 0.8369140625 0.4814453125 0.15234375 0.12890625
0 0.7255859375 0.6904296875 0.189453125 0.125
0 0.6328125 0.5029296875 0.19140625 0.185546875
0 0.3837890625 0.513671875 0.072265625 0.0859375
0 0.0439453125 0.4501953125 0.0859375 0.126953125
0 0.4248046875 0.21875 0.0859375 0.09375
