0 0.6435546875 0.65625 0.224609375 0.13671875
0 0.685546875 0.521484375 0.2421875 0.14453125
0 0.7060546875 0.2890625 0.1328125 0.09375
0 0.4228515625 0.2470703125 0.134765625 0.095703125
0 0.53125 0.1708984375 0.1328125 0.078125
0 0.318359375 0.1103515625 0.236328125 0.15234375
0 0.3720703125 0.5732421875 0.1796875 0.09375
0 0.365234375 0.69140625 0.23828125 0.09375
0 0.396484375 0.87890625 0.228515625 0.21484375
0 0.8876953125 0.728515625 0.150390625 0.162109375
0 0.869140625 0.123046875 0.248046875 0.1953125
