0 0.2666015625 0.64453125 0.2890625 0.1171875
0 0.6298828125 0.5791015625 0.3515625 0.234375
0 0.2783203125 0.47265625 0.12109375 0.10546875
0 0.1611328125 0.0654296875 0.197265625 0.12109375
0 0.560546875 0.2958984375 0.34375 0.177734375
0 0.3779296875 0.1171875 0.2109375 0.232421875
0 0.2490234375 0.255859375 0.328125 0.16015625
0 0.4189453125 0.51953125 0.171875 0.1953125
0 0.4345703125 0.3671875 0.2578125 0.140625
0 0.6474609375 0.1005859375 0.33203125 0.201171875
0 0.796875 0.6650390625 0.40625 0.208984375
0 0.0859375 0.521484375 0.171875 0.17578125
