0 0.68359375 0.8076171875 0.0625 0.14453125
0 0.4501953125 0.73828125 0.234375 0.15625
0 0.2763671875 0.130859375 0.3046875 0.26171875
0 0.5947265625 0.2177734375 0.208984375 0.14453125
0 0.759765625 0.3837890625 0.33203125 0.380859375
0 0.35546875 0.353515625 0.259765625 0.109375
0 0.4453125 0.5859375 0.103515625 0.193359375
0 0.6611328125 0.6171875 0.0859375 0.17578125
0 0.8486328125 0.845703125 0.09375 0.185546875
0 0.6328125 0.7578125 0.03125 0.078125
0 0.6826171875 0.6513671875 0.04296875 0.0703125
0 0.603515625 0.607421875 0.05859375 0.1328125
0 0.548828125 0.896484375 0.248046875 0.123046875
0 0.58203125 0.6884765625 0.029296875 0.0625
