0 0.2236328125 0.3642578125 0.21484375 0.25
0 0.591796875 0.3232421875 0.228515625 0.15234375
0 0.119140625 0.7529296875 0.23828125 0.19140625
0 0.142578125 0.6171875 0.14453125 0.080078125
0 0.2861328125 0.91015625 0.216796875 0.1796875
0 0.50390625 0.4140625 0.232421875 0.166015625
0 0.119140625 0.4033203125 0.09375 0.12890625
0 0.3828125 0.5380859375 0.13671875 0.15625
0 0.5224609375 0.6865234375 0.18359375 0.107421875
0 0.5322265625 0.548828125 0.203125 0.1484375
0 0.814453125 0.716796875 0.12109375 0.20703125
0 0.7109375 0.71484375 0.07421875 0.146484375
0 0.6396484375 0.8115234375 0.11328125 0.166015625
0 0.0341796875 0.5634765625 0.068359375 0.25
0 0.0478515625 0.3427734375 0.095703125 0.166015625
0 0.5205078125 0.7998046875 0.16015625 0.140625
0 0.7255859375 0.1806640625 0.107421875 0.07421875
0 0.6845703125 0.21875 0.09375 0.1171875
0 0.34765625 0.08203125 0.1171875 0.1640625
0 0.3330078125 0.783203125 0.08984375 0.083984375
0 0.6025390625 0.6259765625 0.115234375 0.07421875
