0 0.693359375 0.46484375 0.177734375 0.162109375
0 0.796875 0.2109375 0.15234375 0.13671875
0 0.923828125 0.2109375 0.103515625 0.16796875
0 0.599609375 0.66015625 0.236328125 0.20703125
0 0.8046875 0.5888671875 0.17578125 0.14453125
0 0.47265625 0.7763671875 0.29296875 0.28125
0 0.3466796875 0.4931640625 0.3125 0.23046875
0 0.431640625 0.31640625 0.134765625 0.1484375
0 0.111328125 0.126953125 0.185546875 0.25390625
0 0.572265625 0.2724609375 0.1171875 0.26953125
0 0.7060546875 0.30859375 0.10546875 0.203125
