0 0.3564453125 0.34375 0.224609375 0.13671875
0 0.314453125 0.478515625 0.2421875 0.14453125
0 0.2939453125 0.7109375 0.1328125 0.09375
0 0.5771484375 0.7529296875 0.134765625 0.095703125
0 0.46875 0.8291015625 0.1328125 0.078125
0 0.681640625 0.8896484375 0.236328125 0.154296875
0 0.6279296875 0.4267578125 0.1796875 0.09375
0 0.634765625 0.30859375 0.23828125 0.09375
0 0.603515625 0.12109375 0.228515625 0.21484375
0 0.1123046875 0.271484375 0.150390625 0.16015625
0 0.130859375 0.876953125 0.248046875 0.1953125
