0 0.1201171875 0.7890625 0.23828125 0.25
0 0.5947265625 0.1328125 0.119140625 0.119140625
0 0.0576171875 0.287109375 0.115234375 0.30078125
0 0.173828125 0.302734375 0.19921875 0.49609375
0 0.4970703125 0.3388671875 0.078125 0.205078125
0 0.55859375 0.2509765625 0.103515625 0.123046875
0 0.7158203125 0.3349609375 0.068359375 0.1875
0 0.69140625 0.5166015625 0.12109375 0.16796875
0 0.548828125 0.517578125 0.10546875 0.234375
0 0.2490234375 0.607421875 0.16796875 0.30078125
0 0.4228515625 0.6162109375 0.1328125 0.185546875
0 0.4814453125 0.7578125 0.14453125 0.333984375
