0 0.8388671875 0.3564453125 0.07421875 0.12890625
0 0.158203125 0.3935546875 0.193359375 0.23046875
0 0.283203125 0.5732421875 0.109375 0.2109375
0 0.3076171875 0.3369140625 0.078125 0.18359375
0 0.689453125 0.150390625 0.078125 0.171875
0 0.5869140625 0.208984375 0.09765625 0.19921875
0 0.435546875 0.5244140625 0.072265625 0.078125
0 0.4580078125 0.619140625 0.0859375 0.1796875
0 0.43359375 0.287109375 0.0703125 0.16796875
0 0.7685546875 0.1015625 0.099609375 0.203125
0 0.75 0.3427734375 0.068359375 0.0859375
0 0.5185546875 0.5361328125 0.072265625 0.08203125
