0 0.224609375 0.5947265625 0.083984375 0.056640625
0 0.548828125 0.5908203125 0.08203125 0.052734375
0 0.279296875 0.3671875 0.083984375 0.046875
0 0.498046875 0.33984375 0.109375 0.0625
0 0.3603515625 0.234375 0.08984375 0.05859375
0 0.29296875 0.1845703125 0.0546875 0.05078125
0 0.61328125 0.7333984375 0.103515625 0.07421875
0 0.521484375 0.8193359375 0.068359375 0.12109375
0 0.384765625 0.6728515625 0.087890625 0.080078125
0 0.54296875 0.5439453125 0.0703125 0.037109375
0 0.525390625 0.181640625 0.076171875 0.068359375
0 0.353515625 0.5341796875 0.08203125 0.046875
0 0.4208984375 0.6064453125 0.08203125 0.052734375
0 0.24609375 0.701171875 0.08984375 0.06640625
0 0.138671875 0.580078125 0.0625 0.068359375
0 0.234375 0.7880859375 0.078125 0.0546875
0 0.140625 0.3642578125 0.06640625 0.134765625
0 0.177734375 0.5263671875 0.080078125 0.072265625
0 0.3427734375 0.626953125 0.056640625 0.048828125
0 0.3876953125 0.572265625 0.056640625 0.044921875
0 0.580078125 0.849609375 0.064453125 0.091796875
0 0.6943359375 0.677734375 0.080078125 0.05859375
0 0.71484375 0.52734375 0.064453125 0.064453125
0 0.3857421875 0.826171875 0.072265625 0.091796875
0 0.7744140625 0.4638671875 0.0703125 0.056640625
0 0.6494140625 0.568359375 0.064453125 0.041015625
0 0.255859375 0.2578125 0.046875 0.068359375
0 0.4697265625 0.4609375 0.0546875 0.068359375
0 0.501953125 0.48828125 0.046875 0.060546875
0 0.486328125 0.41796875 0.0625 0.05078125
0 0.6005859375 0.4609375 0.125 0.06640625
0 0.158203125 0.466796875 0.04296875 0.0390625
0 0.16796875 0.234375 0.0546875 0.05078125
0 0.19140625 0.177734375 0.078125 0.046875
0 0.46875 0.7041015625 0.087890625 0.05859375
0 0.55859375 0.4033203125 0.07421875 0.056640625
0 0.77734375 0.404296875 0.08984375 0.05859375
0 0.69921875 0.4130859375 0.037109375 0.048828125
0 0.748046875 0.3828125 0.09375 0.0859375
0 0.5810546875 0.6484375 0.087890625 0.05078125
0 0.3740234375 0.7431640625 0.05078125 0.046875
0 0.36328125 0.4990234375 0.060546875 0.052734375
0 0.314453125 0.478515625 0.046875 0.0546875
0 0.341796875 0.3271484375 0.0546875 0.048828125
0 0.396484375 0.2802734375 0.0390625 0.033203125
0 0.4326171875 0.1982421875 0.056640625 0.04296875
0 0.369140625 0.1513671875 0.0390625 0.06640625
0 0.3916015625 0.177734375 0.037109375 0.0390625
0 0.318359375 0.1572265625 0.08203125 0.056640625
0 0.2265625 0.4404296875 0.0546875 0.076171875
0 0.5791015625 0.1591796875 0.0546875 0.056640625
0 0.560546875 0.3173828125 0.056640625 0.056640625
0 0.5595703125 0.369140625 0.1171875 0.056640625
