0 0.8486328125 0.7802734375 0.115234375 0.1640625
0 0.53125 0.6796875 0.1796875 0.1796875
0 0.5419921875 0.5751953125 0.14453125 0.125
0 0.8017578125 0.1005859375 0.140625 0.078125
0 0.818359375 0.212890625 0.12890625 0.0859375
0 0.783203125 0.59375 0.140625 0.1171875
0 0.4384765625 0.3505859375 0.21875 0.23046875
0 0.3720703125 0.7939453125 0.2109375 0.27734375
0 0.17578125 0.6884765625 0.3515625 0.263671875
0 0.3564453125 0.50390625 0.16796875 0.1953125
0 0.5478515625 0.8583984375 0.142578125 0.171875
0 0.24609375 0.4130859375 0.26953125 0.146484375
0 0.1103515625 0.8740234375 0.220703125 0.193359375
0 0.951171875 0.0625 0.09765625 0.06640625
0 0.9287109375 0.146484375 0.072265625 0.0546875
0 0.9111328125 0.3857421875 0.08203125 0.080078125
0 0.802734375 0.3408203125 0.15625 0.08984375
0 0.5341796875 0.033203125 0.109375 0.06640625
0 0.4794921875 0.07421875 0.138671875 0.12890625
0 0.298828125 0.2607421875 0.16796875 0.1640625
0 0.705078125 0.689453125 0.14453125 0.080078125
0 0.7939453125 0.8203125 0.11328125 0.09765625
0 0.927734375 0.5654296875 0.14453125 0.162109375
