0 0.626953125 0.14453125 0.484375 0.2890625
0 0.3994140625 0.7177734375 0.078125 0.103515625
0 0.59375 0.56640625 0.25 0.1328125
0 0.2392578125 0.5634765625 0.23828125 0.16015625
0 0.3017578125 0.4755859375 0.36328125 0.19140625
0 0.5498046875 0.359375 0.55859375 0.22265625
0 0.2548828125 0.6669921875 0.1171875 0.078125
0 0.501953125 0.484375 0.09765625 0.10546875
0 0.7001953125 0.6474609375 0.154296875 0.130859375
0 0.7578125 0.53515625 0.10546875 0.12890625
0 0.91015625 0.53125 0.1796875 0.109375
0 0.5830078125 0.732421875 0.12109375 0.181640625
0 0.92578125 0.1708984375 0.078125 0.1015625
