0 0.3759765625 0.0458984375 0.080078125 0.091796875
0 0.12890625 0.4345703125 0.087890625 0.03515625
0 0.091796875 0.5986328125 0.134765625 0.06640625
0 0.1904296875 0.365234375 0.10546875 0.080078125
0 0.2255859375 0.892578125 0.05859375 0.080078125
0 0.296875 0.3076171875 0.111328125 0.07421875
0 0.181640625 0.6767578125 0.146484375 0.060546875
0 0.2216796875 0.7705078125 0.14453125 0.0546875
0 0.623046875 0.353515625 0.08203125 0.0390625
0 0.6201171875 0.404296875 0.08203125 0.048828125
0 0.595703125 0.466796875 0.0703125 0.044921875
0 0.56640625 0.5244140625 0.068359375 0.0546875
0 0.359375 0.4619140625 0.134765625 0.044921875
0 0.287109375 0.5224609375 0.07421875 0.076171875
0 0.5146484375 0.6005859375 0.076171875 0.09375
0 0.595703125 0.482421875 0.375 0.31640625
0 0.4072265625 0.0947265625 0.26171875 0.189453125
