0 0.337890625 0.1708984375 0.3486328125 0.302734375
0 0.3984375 0.2734375 0.1005859375 0.10546875
0 0.3330078125 0.1337890625 0.052734375 0.0556640625
0 0.66796875 0.2841796875 0.08203125 0.0810546875
0 0.4599609375 0.138671875 0.0537109375 0.0771484375
0 0.75 0.2861328125 0.078125 0.087890625
0 0.6279296875 0.216796875 0.052734375 0.0576171875
0 0.7998046875 0.2265625 0.0595703125 0.060546875
0 0.720703125 0.1904296875 0.0576171875 0.056640625
0 0.75 0.21875 0.025390625 0.041015625
0 0.8232421875 0.3408203125 0.12109375 0.0908203125
0 0.8349609375 0.2705078125 0.0361328125 0.041015625
0 0.193359375 0.1572265625 0.0703125 0.0673828125
