0 0.5791015625 0.37890625 0.06640625 0.12109375
0 0.7900390625 0.0859375 0.080078125 0.1015625
0 0.72265625 0.478515625 0.07421875 0.1640625
0 0.193359375 0.6455078125 0.10546875 0.087890625
0 0.54296875 0.595703125 0.080078125 0.076171875
0 0.8603515625 0.580078125 0.14453125 0.173828125
0 0.7197265625 0.6953125 0.09765625 0.234375
0 0.505859375 0.7294921875 0.06640625 0.2109375
0 0.345703125 0.5185546875 0.078125 0.08203125
0 0.2421875 0.5322265625 0.083984375 0.255859375
0 0.1669921875 0.29296875 0.09765625 0.181640625
0 0.2919921875 0.7255859375 0.103515625 0.080078125
0 0.43359375 0.92578125 0.087890625 0.138671875
0 0.3046875 0.8427734375 0.126953125 0.1015625
0 0.4609375 0.7607421875 0.109375 0.12109375
0 0.1123046875 0.43359375 0.0703125 0.103515625
0 0.6328125 0.9033203125 0.12890625 0.193359375
0 0.349609375 0.0771484375 0.14453125 0.154296875
0 0.431640625 0.62109375 0.08984375 0.1640625
0 0.396484375 0.4775390625 0.072265625 0.1484375
0 0.6552734375 0.7705078125 0.0703125 0.130859375
0 0.451171875 0.12890625 0.099609375 0.1484375
0 0.09375 0.224609375 0.08203125 0.12890625
