0 0.3974609375 0.353515625 0.125 0.12109375
0 0.12109375 0.37890625 0.1328125 0.12109375
0 0.3642578125 0.5263671875 0.125 0.1640625
0 0.10546875 0.7060546875 0.0859375 0.138671875
0 0.078125 0.5810546875 0.12890625 0.146484375
0 0.216796875 0.7470703125 0.12109375 0.19140625
0 0.3701171875 0.7080078125 0.13671875 0.16796875
0 0.41015625 0.888671875 0.12890625 0.19140625
0 0.8837890625 0.447265625 0.0859375 0.17578125
0 0.9150390625 0.2275390625 0.080078125 0.181640625
0 0.7861328125 0.115234375 0.0859375 0.16015625
0 0.6494140625 0.2421875 0.16796875 0.3125
0 0.1044921875 0.189453125 0.1171875 0.146484375
0 0.1787109375 0.103515625 0.1015625 0.1875
0 0.2431640625 0.1865234375 0.09765625 0.111328125
0 0.49609375 0.7275390625 0.09765625 0.140625
