0 0.1044921875 0.7919921875 0.20703125 0.099609375
0 0.111328125 0.6533203125 0.22265625 0.103515625
0 0.3515625 0.6474609375 0.16796875 0.076171875
0 0.8486328125 0.525390625 0.302734375 0.10546875
0 0.6416015625 0.5595703125 0.111328125 0.103515625
0 0.24609375 0.3486328125 0.09375 0.119140625
0 0.296875 0.505859375 0.12109375 0.072265625
0 0.451171875 0.5546875 0.095703125 0.08984375
0 0.1064453125 0.4052734375 0.134765625 0.166015625
0 0.51171875 0.3837890625 0.09765625 0.162109375
0 0.458984375 0.72265625 0.333984375 0.12890625
0 0.3876953125 0.4140625 0.09375 0.130859375
0 0.658203125 0.4345703125 0.09375 0.146484375
0 0.5712890625 0.4619140625 0.064453125 0.076171875
