0 0.9013671875 0.51953125 0.197265625 0.20703125
0 0.2197265625 0.109375 0.267578125 0.20703125
0 0.462890625 0.1474609375 0.25390625 0.1484375
0 0.8056640625 0.3037109375 0.25390625 0.169921875
0 0.748046875 0.787109375 0.23828125 0.328125
0 0.20703125 0.8701171875 0.12890625 0.171875
0 0.275390625 0.6796875 0.19921875 0.19140625
0 0.43359375 0.3271484375 0.275390625 0.1171875
0 0.68359375 0.24609375 0.275390625 0.15234375
0 0.6181640625 0.4443359375 0.2265625 0.251953125
0 0.4521484375 0.705078125 0.232421875 0.267578125
