0 0.763671875 0.8271484375 0.228515625 0.21484375
0 0.7353515625 0.5517578125 0.25390625 0.16796875
0 0.5400390625 0.412109375 0.1015625 0.177734375
0 0.689453125 0.2080078125 0.21875 0.1640625
0 0.173828125 0.5849609375 0.1171875 0.15625
0 0.5693359375 0.759765625 0.1796875 0.15234375
0 0.470703125 0.6064453125 0.091796875 0.078125
0 0.33203125 0.5751953125 0.140625 0.09375
0 0.2841796875 0.4384765625 0.08984375 0.09375
0 0.3779296875 0.197265625 0.1484375 0.08984375
0 0.5576171875 0.1455078125 0.154296875 0.291015625
0 0.365234375 0.509765625 0.142578125 0.10546875
0 0.3583984375 0.337890625 0.14453125 0.0703125
0 0.0634765625 0.2470703125 0.126953125 0.232421875
0 0.0458984375 0.5205078125 0.091796875 0.173828125
0 0.189453125 0.443359375 0.10546875 0.056640625
0 0.865234375 0.31640625 0.1015625 0.15234375
0 0.5595703125 0.5087890625 0.13671875 0.07421875
0 0.087890625 0.38671875 0.1484375 0.09765625
