0 0.1689453125 0.78515625 0.21875 0.171875
0 0.0888671875 0.634765625 0.177734375 0.2265625
0 0.3359375 0.76171875 0.1328125 0.14453125
0 0.21875 0.5009765625 0.16796875 0.212890625
0 0.5888671875 0.810546875 0.16796875 0.224609375
0 0.626953125 0.46875 0.16015625 0.12109375
0 0.8271484375 0.5185546875 0.13671875 0.119140625
0 0.8564453125 0.357421875 0.234375 0.20703125
0 0.6279296875 0.3095703125 0.265625 0.1875
0 0.400390625 0.45703125 0.1796875 0.177734375
0 0.3984375 0.9072265625 0.19921875 0.185546875
0 0.3828125 0.595703125 0.15625 0.1328125
0 0.7021484375 0.8623046875 0.197265625 0.11328125
0 0.6318359375 0.947265625 0.25390625 0.10546875
0 0.5341796875 0.5302734375 0.125 0.171875
